Id,SalePrice
2658,116551.52674958156
2718,134887.56599753303
2414,188653.297037165
1989,113699.67428985848
625,161513.9643169754
333,106064.7292455279
1327,113661.83832272794
858,138954.88858985156
95,147719.96628345374
1568,144089.2529968259
2482,172582.70965445935
1364,113189.01554757076
2584,140073.3625368309
818,269464.212090535
2673,158965.15924408645
2089,105558.39703242564
1297,199416.4961440111
790,129176.75276554465
2616,242575.9966377579
720,159374.94916176682
222,128603.42299548928
557,137428.02731273463
1148,185605.15613072418
2766,200003.75044460897
534,179638.17047429646
1452,132916.94251910766
630,136844.30815649562
2648,114968.48819529741
125,139897.08585048787
1904,110764.47049006015
1670,129693.35834772847
756,121150.73799568109
717,147174.0028061703
1032,145174.27484139745
852,209428.997865668
1731,170301.61333366117
2639,110289.23902164081
2071,98942.49556106869
1267,138882.25247443424
1851,220019.845614903
567,160837.35902972656
2439,183723.10928008775
1898,131709.17616871776
647,139018.88036196705
2256,210094.6572738075
979,95322.31978707513
1444,208305.4466074
2485,125414.17094621554
157,124675.02024888556
88,141071.80351873467
2003,116953.2191586225
186,121796.16506451946
1425,246076.40153316024
2695,125133.62225550435
738,131661.74219322338
395,139782.01134873345
1353,142167.68572964717
1878,126362.4106266068
390,175928.5805134434
1456,205155.3296746041
1103,328933.68338746775
1387,135325.77905314325
2070,132724.15158140415
1199,188069.0597416879
2479,187004.3194358723
501,282046.9908155703
2362,138408.07166549537
1718,197827.3738680904
2188,118402.98237113543
1483,144607.20770928028
2557,100260.07658326127
437,236446.28892350013
2224,176404.79858947205
1628,169941.21594659355
397,134929.0246798564
587,174032.11934924597
2182,394240.5361390718
971,117826.77909657407
2611,128895.05644190645
1887,105060.50633841165
2399,369090.74341319286
2148,211448.10808705285
304,128226.44504314523
1997,191297.51553096838
2817,153836.24495702074
1431,228812.24876346302
427,338779.5329568746
263,129676.61059773111
598,183088.31065672636
2895,226764.92182015468
687,113555.66670369923
1822,135046.86678889662
2191,119092.11194365635
179,108376.75301728048
1009,171881.1089686529
2010,172502.33540587276
1991,205839.95657504775
1411,149537.5791320466
1721,206956.27659952
1144,197489.16920144056
593,230662.38822647365
575,233145.55128172992
1249,183424.3749664227
1604,152410.01646349145
1064,430287.67225999833
1923,139721.00231574208
1988,129521.50112372558
2325,178865.05428939662
114,191795.6940225857
2700,129349.14440407653
217,128789.2436788684
343,177147.68151760602
386,203418.3894612714
2005,101372.0612251617
2908,140087.63695152637
1814,212640.63160351725
2446,372504.698969687
208,133512.86124288914
1679,108385.41080182685
822,370005.23429268546
6,183766.44220984247
1781,388010.364679125
2397,322792.3229206223
2340,321679.0234778945
1618,173527.63613375783
2843,130946.61987721425
1061,333245.8802059742
2786,136367.0544937543
1935,130089.76607271288
1341,132651.7488123328
521,259651.4418272764
2136,177069.3370175895
996,189071.6997719768
227,149770.31256700528
135,152645.0065196977
1167,172115.43251041346
294,178960.51445171403
1776,214142.0833156242
540,151429.95436280963
1717,200611.64877928226
2303,145527.88760003628
116,180367.22764935807
127,133095.07588462168
1371,150602.4034669461
1014,129485.13140575888
1507,111056.36825746772
702,124844.65706764601
750,116363.07846012762
261,183553.6109976522
1559,81972.30925942364
577,204323.81181716005
2812,191022.56430007535
2080,126750.71552057903
1368,104738.76099422654
2376,135875.20042621257
659,105598.6900845804
1235,136689.736234052
332,100756.7960095444
1917,146255.97411180884
2094,225136.96037706998
1460,208364.24126723086
1471,207003.15557329266
1509,118851.75110421702
1922,119399.72344582702
433,453407.87040090037
460,319086.35825076344
1116,256733.924256079
1137,152155.92430390726
53,188666.4183366599
2354,186944.23570760718
1475,196707.3484819274
1761,388535.9316698807
842,150216.76916789205
2739,149879.6417485331
2509,147400.0000981288
1007,191375.21535254855
2610,155596.49127350783
1952,112840.57563220013
2719,131614.8264932116
2921,97206.92165760405
1966,135217.5781260819
292,121777.81043770882
1204,185170.14875511662
1829,255207.5065405098
2419,184262.0553028566
391,167333.05439927804
798,122277.7788912226
481,183564.10705190134
193,153800.4030017106
555,131684.75093685364
899,105545.12899960975
2357,165064.32622981927
328,128949.49127364364
1356,133164.25260247453
1154,138808.3248068387
1730,173265.31902338975
2249,144357.5133777907
1119,261139.96714102762
2856,128950.7647269846
1394,153862.17367236505
2587,128000.36432892705
61,286599.62278901483
2661,205077.25781269168
2711,159325.18875924576
1147,162090.9066977601
757,125619.50273533187
2623,98034.972304901
2378,145231.70364274987
1413,128124.89316985747
1722,204176.93439218882
1112,200447.1653770273
1623,188269.21086642734
1201,189452.81090404018
1513,124040.58990486285
957,265596.6635804699
1171,261696.7504011367
1145,183139.44275652638
2726,209320.84647603295
703,138207.49457342195
760,132862.13648969712
1964,139738.22489761745
2512,211983.10461619627
159,136756.02709482177
1281,160603.3906217006
468,181871.69786104735
290,127128.24696135236
665,110579.85181004328
1463,233978.32245003604
1792,202671.15490208074
923,135265.96365647778
500,309549.28951554134
1408,149117.2507300964
331,83257.10900956404
170,139996.39428170738
2192,127803.78045140197
2571,199068.099252653
2314,180158.6588330013
2647,107662.44542042629
422,277405.01176239114
2457,299625.1747503141
1838,171774.74266956863
2805,179630.24544530173
1645,142691.0559045023
1711,301794.9057115588
2825,206266.95681129847
322,363821.5087558907
2103,251330.9188532841
342,124374.73292838618
600,177724.52921957866
488,178558.04587721414
1725,317890.2613906225
2246,270300.6467147622
2847,129842.52169864395
806,200286.3364962
530,215661.53310734723
963,205795.68612762587
2678,126764.6950820347
171,118098.11693704408
2401,388164.6764277748
805,227144.101159357
2259,199537.95439187926
1748,189420.4901529982
1361,123364.95392496255
1677,105857.94156612741
1406,152810.36293870435
2322,211144.89001737363
688,161067.81806798244
143,131063.60544204696
804,198531.19318557222
1214,182272.20175379995
2828,150669.40966150488
1999,133594.9936013104
2467,217949.75483274527
2665,118214.19570547745
1538,199841.94385038756
398,130459.26124053609
2822,141051.26321712616
2157,139395.72069094065
1856,187046.34780281773
1269,106844.46170412075
2570,124123.09340050962
2320,197627.60215614885
1517,128596.34603020795
2304,131432.05406059022
1312,101042.25557449834
2012,138965.03814867177
506,238056.77576788978
2865,159208.79768136446
2367,104012.73063319379
554,116279.4478277567
238,132659.21328014764
1954,129963.14853828773
2488,115139.13330249416
2291,96667.37884023489
1969,119744.65637423388
2725,153439.5365684457
1482,142092.6711014245
2763,198566.07817340962
503,293454.160206159
1584,293378.7664894695
1531,149246.17911539422
2210,143143.55893791636
459,316949.37152184313
556,132213.74276298264
1347,107744.7642821518
1290,108301.00765000294
1388,134534.50413390493
1571,126882.68605967204
2754,190419.085058089
765,172603.68206609864
2494,134768.41392806865
2870,196871.02658803802
7,208299.22561481778
1114,280418.99326105503
2418,209515.60270355933
291,118553.81220181001
18,357775.8322687495
39,422862.5275378281
1001,230116.1460321258
2442,209868.70730360365
616,126185.65129116549
2680,90311.83661351643
1414,125736.28053524935
289,138683.5524720944
40,260894.97560187057
860,125719.29964569096
409,142424.42611155153
673,132065.99600560148
2427,191628.2287784138
2036,165523.19774600744
2564,142787.55872267706
642,132319.2655252524
1008,221904.18097779903
1908,134711.6648859485
2519,188928.96522440846
1369,125153.99851832737
2855,140812.15470116472
712,133447.1975341422
1943,121025.84417086007
1958,132951.48707189522
107,177894.97510915043
2295,161744.53833786977
704,118261.16235775313
676,155425.19580310842
259,208779.83525330128
93,268067.7511655113
106,211947.9889439142
2315,178735.52157634124
1050,118793.41227678633
1095,180757.0735937483
2709,148189.3493107316
758,115882.90516174443
1496,154670.45351398794
2370,105129.01505406601
2458,231689.77396235758
2733,135425.81617994964
161,219124.37516819916
726,123196.07737871946
845,228434.60543142684
947,252186.03528543733
2232,111589.93836614063
2563,122575.17988311448
2299,141665.95375120876
211,136503.69612887915
605,128448.80406400257
1478,221872.76164423686
2247,247006.5198526611
2274,88347.99761447978
2869,194787.92478701877
967,198692.05130926834
2656,123600.60942273031
667,151056.11454403473
1042,107335.17781557715
2023,184928.63444936217
2447,369395.7398348914
2055,136357.34088765274
2275,256728.2938146705
2204,150397.6297443192
1563,274844.14324119553
483,171612.63222036546
796,170125.87942260178
1526,145699.76800114455
2042,112510.08790270521
442,365568.01678058854
1693,320181.2361966962
1468,215174.42115864102
1430,194927.54745277457
2605,119707.4512736278
1529,154263.0310311696
335,146059.10588403672
1287,107182.65033755306
31,106649.80080342549
1785,304337.4219430787
82,175524.2295309578
2620,126634.22352724736
252,202553.34126791422
721,118507.93702414102
2165,184699.09751947247
2316,179462.56672990992
775,142543.16329109806
1558,73905.49666274514
17,162714.94574604527
1022,194514.93151943528
925,122335.04178893492
438,269988.4971480341
1270,125276.52321478623
1272,122263.22965391514
215,138151.3605425133
266,214056.7797720046
2402,290737.8557494954
1250,142556.6959494973
1984,124697.97253511254
1279,126888.45209409445
377,194215.29713757164
1252,100836.48428869229
2156,209121.22496424353
499,336061.3964888866
1374,112066.83293445979
2898,186096.73198618862
401,132845.81216846468
2721,131367.95746157324
2078,191347.18092898687
2589,137127.4017135277
1946,195415.88385270888
1334,141809.21458796485
2781,231900.0213132429
431,389448.1105846825
576,177788.41492481253
1474,205933.93740707284
2254,150577.50939974643
2155,229237.68651507027
885,96368.3310699782
643,141221.63932867337
1944,116944.24324272048
480,186809.9769505923
2845,134881.8163968818
2387,316278.30226245313
2407,190519.641835705
2527,181563.52100538742
2514,163818.65074922927
629,139933.34074537584
80,177976.11167971388
1876,142608.86354374303
1546,120146.45269349705
2518,201793.12054159734
2347,200187.5820402685
783,182967.27194464242
1322,82235.99640925835
194,131342.78428172693
1770,305152.0940961372
2143,159692.6905095012
1229,193875.86751310373
511,287821.5964789088
46,202185.99528422768
1348,115136.1492491179
2465,208939.8167383927
387,225613.4602419898
873,218008.44262961324
1918,115975.72549623594
2764,222986.66988709194
2184,128348.03491753139
934,137619.18689553937
1920,130327.99465969272
2631,171588.35954177997
1768,416244.07600858615
2040,115324.44826983273
1749,202706.96403120545
834,241201.50489758796
1457,206234.09762221365
79,143466.46118725018
2302,158072.5536753176
1817,140656.9076801272
2755,204278.95836815934
359,181928.7041193243
2059,135401.5814588581
2092,216194.6128144499
2516,226033.78053438524
150,121758.60597409865
1656,157011.55317958115
83,101912.39627568131
2411,172628.84389293095
795,99985.45390242261
2312,206614.5416498922
2917,82234.29749882758
1624,176882.56524376883
2215,208583.0568918423
1211,131996.46289441947
1485,141887.59574742385
1024,165941.99336595368
570,198336.33576538798
2874,139480.12699442712
700,112994.0724311979
2756,189688.51013395734
2022,144333.53408080825
583,208780.0241232749
2392,435363.9257105384
2424,202588.9229554569
212,110935.73608783119
736,124289.79088229976
1610,171190.87072388688
890,139350.22075957083
467,182745.65288963978
578,190573.92719708776
1747,180482.19933382198
1149,177416.79064201875
2758,192434.6578379542
857,129388.94778863473
2219,179704.59383271867
733,70066.50385083663
2909,123870.84253314079
1798,246993.11323492636
235,138773.09270464687
2366,110135.51532313727
1027,146318.20051850923
1195,128095.69376769454
1303,79476.88408397984
148,152766.863710843
608,148379.41790266335
2515,197388.86623219535
821,267457.1318934159
2500,289428.74839942553
745,119801.76370485952
741,126968.38412458076
1611,144538.2862938397
2532,140753.38876566707
1081,199605.72620057856
1692,364453.2053293615
2520,188764.81367308635
276,120367.21567774928
1992,138059.16299776023
663,82612.00945709711
418,138986.2618353113
1733,175929.90042411923
2359,153746.50528903888
253,204344.0322503999
1518,184334.48047619412
2035,157296.39846403652
2919,94775.29534186324
1540,238215.54816713065
2120,155739.25541058066
1674,198044.54426692423
256,164061.3271754586
2361,123215.73626335064
978,89201.44964767348
2280,191605.2917995914
2095,198362.94554170367
1709,327951.8635525275
2801,208053.09791794218
1246,132952.95841807028
2373,104057.29670654259
1055,291179.9227815288
2017,141634.33070041475
1099,289957.5398109023
1344,105490.25426019463
835,220861.0385382316
1117,209035.99153480827
2043,120593.47033827851
2085,151301.77498447557
410,144901.9408790251
2650,131675.9622954466
2867,148121.42288393516
1668,126998.39664702896
1161,151170.5283710736
2122,209259.30877278087
2539,136597.47393586018
1047,143894.296478713
1445,121538.27750805188
541,140705.6364950569
569,173111.70161493152
1276,116081.90822084904
918,182453.54716981412
326,181575.50000817297
1936,138718.96531599478
895,122082.75070586776
257,138549.51763302472
1241,149056.49923594797
1545,125727.58385459462
1189,187982.39856030737
270,141583.86340954472
2066,146572.74846230765
693,121133.10487921897
1259,116836.94035652203
2916,158640.28463413115
2321,220093.84211696044
1977,101318.92545016042
1895,147504.47644230377
1240,147134.96770117184
85,143654.83359101615
1823,151720.72031255078
825,244417.8507501623
110,227538.02114279816
697,110561.1516938763
2297,136017.01054139604
1231,117693.5499761394
1355,131728.13446725637
968,372367.76084688667
584,188368.26879489154
1315,128351.48262131443
1606,147653.8753911587
206,107806.03740864052
1685,419046.14865058474
2016,146476.15846986018
869,198308.23483716213
2135,145110.17042715347
2346,188020.23679247973
2430,192941.96315947274
2198,85101.72525473428
2652,125703.50251333513
27,122809.71319012607
241,187923.07761976597
906,129341.62707756109
1506,122585.23385497075
2098,317990.05243327067
1435,212201.4481175097
2213,109155.61545298334
1274,109758.75493636607
743,47820.65277265212
1737,179513.46034260542
2797,219110.15272676412
2185,100803.63648297839
58,188081.21203744487
830,200707.73132966133
808,122367.89646366454
680,127353.21641217564
1153,137056.2852403772
1291,136382.68227871635
1818,123758.3308024
2161,194576.53296677468
1883,126986.3657705489
350,228271.13568330323
2473,147039.8878819766
295,138340.02510402678
293,145467.49632359023
859,142090.58337021057
288,134054.6237948966
1578,182758.06622331077
102,170481.08475038034
2831,145789.40367062404
1030,160995.64433546932
2551,132268.29091819926
1286,131913.39420043654
958,348994.7169604638
776,141511.95414741628
72,252612.32827745212
2263,247219.5347151133
1866,139908.00263317517
2876,105261.61312137474
2146,198544.98642837827
103,169818.21975096758
1500,146389.18003843745
492,201998.03875040053
167,136139.29806870024
2597,129099.59338685105
2685,116009.02301248994
1035,144809.25922261341
1220,97460.38968784503
2602,138289.17874015588
2159,188310.15961351598
695,122447.15796987203
1109,244053.15711188185
640,149375.0533945354
1652,174516.96467235623
2090,146801.55188170358
1188,168566.24322881468
2345,215394.6749051865
1059,353470.15137680236
2751,196671.1811729756
128,145864.78547811657
1523,154608.37562080022
2925,148587.6732324108
2145,264201.62809630355
1121,214021.2984098365
566,155086.10823124374
565,265807.6470016844
1331,150991.4621692406
2928,138411.9736121631
156,134843.22241565603
797,131003.2728162902
327,114586.63249651103
2859,146122.786393624
1453,128427.88671811811
1762,318836.1152070841
1868,165089.77426587365
1760,181370.36489008646
1113,252981.9790361305
1812,192450.77326591106
117,147627.13929420302
1142,184914.299383841
2342,383868.0471912744
927,128383.19726641133
2478,184875.55082242528
655,115197.99680497554
2064,137426.52053863776
369,282025.6600285192
2239,109616.44274811095
2732,257045.89635940618
1653,195025.34001576016
959,220665.27825430178
2395,305273.4400769964
1412,137899.6741137264
271,214801.47029656643
1484,141947.47680490479
1497,177625.42738126297
552,123110.29958840477
2,123243.63762644457
1855,233727.92052226418
4,152533.41212033742
2292,175168.11005245082
134,143717.034178453
646,122743.37366419374
42,339665.63181065023
532,232212.17252130984
713,118034.10336006095
2561,140258.87943532513
2360,116707.29707658771
1333,154366.59027406015
1407,201064.72829588418
2892,229276.17744429948
574,167536.55374462358
1227,140816.6371667359
2591,201541.23522545007
1476,203967.41686762107
1125,240240.1002935597
1446,166552.18056602438
408,108622.71822552351
1101,302304.1679753918
2251,232959.26445265085
373,177906.7712828022
2554,137240.3981084248
2382,290579.93896041956
1985,136832.94197067304
519,231519.63954419576
1093,185000.73312772758
864,216096.64559725914
2889,162138.43298165928
2308,134408.78597498935
986,193613.2756973053
1302,133926.525841511
585,176873.4972353473
2708,125167.58785811564
147,133593.51004012607
1441,217500.09769202862
383,208862.4087268562
285,120627.86561868276
181,119239.30291186715
358,194714.07487415412
780,164733.71909597327
258,198072.63151463636
1865,217111.4742849948
692,124783.35176412779
2902,308400.35053109005
508,236768.517977064
2638,123797.38179286454
36,145234.19455104804
611,161141.97283321008
2281,153359.35150184963
1678,108235.11094883241
1696,427035.47273998475
1557,91243.33248401106
2180,193736.48825355084
1726,221028.4181908822
951,145776.14413837247
267,205221.04873455284
2706,150815.7247664355
2221,246541.55090879003
1357,133526.91993387448
2901,284050.1579728885
347,170390.84070412148
2164,193059.15024798675
1586,272174.23234801355
360,172676.42480458968
1769,260006.4227506785
2617,141778.54926678893
1879,133060.4807749021
991,179355.37365342904
1535,128881.61839690068
1191,134465.14159231036
1579,247229.33587753665
1882,166965.7618480207
1510,128742.64647915863
2196,76319.24984419481
1845,170882.65213713545
2336,387156.43904763
942,132609.46127612144
861,139338.74232901796
2555,135481.9283198217
1392,138827.90547545603
2099,228544.7968277496
1543,136489.99612593502
948,230777.66669590762
1239,139796.2643273569
22,168312.00807397315
2796,218383.9530401348
2747,186973.04995168545
92,296565.2515446989
210,177175.93028009875
1858,177775.72229021645
2228,149300.96562794285
447,222704.1919983293
827,219950.62479151093
1649,234456.48560662896
682,137270.68646943077
2698,135416.526025045
494,175288.43547636594
214,123815.2643068046
2441,228655.40134810304
2679,122501.01927109424
1336,120424.8372675743
465,175781.3230080483
1524,202695.7465250588
2543,129182.98588976903
631,139265.91141813438
2452,319139.1934360166
228,128598.33634137329
126,139224.01359678354
1092,196117.2780274538
1122,206425.62789021555
932,245069.45535102498
1980,95930.54820853879
2171,126857.83672744047
551,196988.81340486222
2768,173011.59648108084
2056,127588.15183337843
1159,326016.11875438545
2645,114161.70484869888
1174,161681.4899872556
2266,198976.55233580037
2462,297411.1109569147
1219,133569.99027669735
2922,132205.42967374934
118,137266.92195081944
474,191396.13053802267
2576,140812.01769890217
872,214241.86906569928
1077,243899.19102147903
1536,136475.11074477326
1150,130176.31358953324
2341,231378.48446278492
1931,141270.44221714602
2785,149034.61841519593
2538,125823.9785276556
597,188156.19002243946
464,178504.42940544948
233,245899.58295568317
2169,144459.7807257714
2123,213585.16082672976
1867,170200.85527829465
137,241173.9024962446
515,210760.73265809883
933,135585.101889797
2784,162193.0710733939
972,161163.7757652155
599,160725.522160607
2614,134183.45650189408
2582,151007.1257145952
1409,136532.06788536985
175,114360.22529399699
352,215658.437752031
976,89243.59095185547
2134,198392.47163666962
984,138410.5739498987
2396,238525.71235599788
1673,167062.08389066672
404,110520.00245138099
607,143590.21842260243
814,148943.1606391114
868,203281.55178339497
2271,248091.40219155332
1633,190015.35861926212
337,187810.89011658667
2765,189805.60694476726
1746,221794.5473100181
368,324053.30292384676
2806,208390.73238288515
1662,207567.8217307853
1234,218027.66981381143
1373,129638.89214051545
1672,126728.9417977119
1939,128777.76062031128
