Id,SalePrice
2658,137277.14654508705
2718,176495.96400765586
2414,214048.43081174057
1989,113533.094281473
625,192606.64751035816
333,95971.6655494198
1327,114125.81324816094
858,158958.52732061894
95,170578.58398965021
1568,164452.0783776645
2482,156607.2826442361
1364,118718.91917433421
2584,146324.1889385918
818,251880.05226075306
2673,153999.801224604
2089,114859.4060159735
1297,191144.5109740986
790,122190.31871908941
2616,197441.31311399292
720,183986.83982625642
222,154794.6512096462
557,126393.95675037324
1148,192129.30509152394
2766,176404.4196732403
534,179832.10752492724
1452,118709.12835771189
630,135964.9756014854
2648,128001.36712042804
125,160140.60863537848
1904,65025.74324184154
1670,116796.41319463102
756,104858.69725376846
717,206492.31252891547
1032,152131.08964703698
852,220256.28459722377
1731,172022.81900938228
2639,129489.1692863176
2071,71645.00047198046
1267,105897.69916615379
1851,182467.7479736279
567,160803.08431610512
2439,205974.7557836745
1898,150533.54977639488
647,172572.23444102495
2256,202246.97793076962
979,104752.34882700331
1444,217247.10325767365
2485,120523.6014540451
157,137478.77660623234
88,127186.46667418836
2003,104847.20512794252
186,198699.94780011434
1425,246176.1015583853
2695,129149.09287313954
738,105747.16909240192
395,150719.20495471003
1353,159529.43867354715
1878,141460.8327406416
390,156560.56970318794
1456,236533.36559979222
1103,309517.75247907283
1387,125760.36623351261
2070,161777.80624703734
1199,166218.86689409558
2479,173024.65217617253
501,322572.7315013794
2362,91109.43230480791
1718,191228.30387385338
2188,90567.51755052643
1483,156286.211478302
2557,93862.87265451289
437,353952.018871895
2224,206535.3209901505
1628,165152.073184207
397,148429.26893623776
587,206793.21837910393
2182,610650.3656112787
971,125175.9141707358
2611,138146.23177021055
1887,88848.64313703866
2399,376456.77500858076
2148,194239.19734539784
304,124877.39308161182
1997,137838.5617842692
2817,119950.26375320363
1431,203703.6157794484
427,359538.6356263292
263,119123.05352547418
598,175179.419652924
2895,233478.65860825375
687,136772.72973389187
1822,136246.37903097106
2191,121118.7036839221
179,123930.29907655466
1009,213354.70061305407
2010,134855.88460179628
1991,141945.5185558349
1411,192120.67483866774
1721,228187.1890367816
1144,195761.50725402468
593,208053.46080667767
575,296401.1594713866
1249,173887.02252355785
1604,122244.61981575645
1064,504506.47488423984
1923,161784.51333577657
1988,101650.05631392013
2325,170191.32112032583
114,220089.34192436363
2700,182132.4743506298
217,140144.72647986113
343,176755.8598709409
386,221659.03538490998
2005,120486.77643599454
2908,146778.8305808782
1814,227065.16893446853
2446,521814.52910309355
208,130995.88588987103
1679,111306.58814080371
822,355201.60726245376
6,193281.84448091153
1781,408998.3533087161
2397,297935.57355405035
2340,323946.83510386635
1618,169153.9252261042
2843,149295.96430449162
1061,377951.62355801364
2786,123520.84488533929
1935,136984.78766250974
1341,124987.96810532754
521,289549.6733775623
2136,140352.6078984031
996,218161.80855896417
227,163648.50456555415
135,181717.2759698197
1167,164323.80655008773
294,241083.92264657083
1776,191573.8188261473
540,165570.19137566013
1717,200840.10916333037
2303,130385.80955180066
116,179839.6325871803
127,141162.93340716572
1371,127623.99819342454
1014,173509.4942811669
1507,97570.30065093514
702,125145.81541560966
750,139727.16132027452
261,159100.24899253622
1559,60990.00704009351
577,220504.53962415547
2812,192452.85509875565
2080,153547.19310979516
1368,108410.76386105304
2376,124256.78053491237
659,108227.02143170485
1235,129994.87423888854
332,78044.290818857
1917,131224.89324005586
2094,266280.9095554424
1460,257729.5478721793
1471,219090.85427102845
1509,124182.18844113513
1922,136566.96913832243
433,481587.1513008764
460,286908.87999107083
1116,244590.5834312413
1137,158945.9950857666
53,162763.1206611468
2354,242322.31830622858
1475,196863.2028957077
1761,576442.1668480512
842,141438.54705598296
2739,189078.02326936947
2509,146733.66000558826
1007,192859.5857831972
2610,176289.36872439994
1952,95711.92623157095
2719,175755.72523655914
2921,95808.58617888742
1966,156673.74584000566
292,112717.01807614688
1204,182492.06993257048
1829,257156.8266569581
2419,189731.18718656932
391,149877.82927607044
798,104765.27523609709
481,197488.05245863597
193,194645.39120132025
555,115750.72401535595
899,42246.94589087088
2357,197407.17676426814
328,139724.7326902083
1356,118329.83750217204
1154,101628.95539247793
1730,187607.73649055327
2249,153061.47064640856
1119,273511.8173660173
2856,147137.26298274146
1394,121961.72772377185
2587,108057.17971299303
61,345391.3873387326
2661,166882.79427842624
2711,130168.51485968978
1147,185405.37187573098
757,116922.21380331508
2623,91467.68597504744
2378,140339.48414350185
1413,137583.53360414482
1722,211495.95854846385
1112,226700.400057521
1623,191762.98332247394
1201,200304.1507414921
1513,131949.22260476503
957,487929.00552146055
1171,272499.4317042969
1145,194354.22647798812
2726,220562.2277038024
703,147700.82848924666
760,89652.46489430829
1964,156883.54356160254
2512,175245.5068806451
159,133241.57561382424
1281,166208.45259441153
468,182686.41526533553
290,119650.38330368044
665,98868.70881648835
1463,249131.94704709796
1792,214938.20272982365
923,162017.67013761072
500,279918.66163695866
1408,200347.70575547608
331,81655.56540099024
170,135942.75621634285
2192,98328.4392850838
2571,302434.69554575474
2314,174619.7834097022
2647,88466.2072311971
422,433799.37268423155
2457,358948.8870748532
1838,203206.2146640825
2805,261996.39971699266
1645,158844.84082577628
1711,297146.0795188371
2825,244139.149939079
322,363737.0534790481
2103,260822.62756766265
342,120126.95410731356
600,124534.24559471352
488,182587.96821471828
1725,324952.9674294981
2246,272246.56097024656
2847,155115.24207350196
806,232915.3267705089
530,218442.86266055267
963,185992.22153239945
2678,116389.17969102389
171,88655.21297910859
2401,432853.62942754605
805,221103.1710640029
2259,215476.69580401838
1748,183900.54270339492
1361,135023.45655227712
1677,114811.82264382679
1406,164206.49274414603
2322,252111.26996037533
688,152702.09116339704
143,138684.2087030367
804,197260.2330142096
1214,176234.77274772045
2828,154282.7639429667
1999,167443.48092009366
2467,198144.08003943443
2665,148163.3702485607
1538,342633.53546579287
398,118505.27791782605
2822,145002.60719934083
2157,133680.13781839865
1856,206429.65369139638
1269,79282.29022583574
2570,103666.74887091445
2320,238136.0760803189
1517,129308.31811017111
2304,131065.74889969095
1312,94273.71383343631
2012,124757.63235261478
506,255828.0656078144
2865,206194.23606138316
2367,99264.6414807654
554,61264.525160903635
238,138470.67769278283
1954,113288.63373902856
2488,106460.24409517627
2291,68326.96606956623
1969,98776.04515385035
2725,161631.44813102996
1482,144049.90408838697
2763,191882.7962140256
503,251640.28017921222
1584,245891.59060824767
1531,125008.0425989215
2210,160772.61731570738
459,342148.58447224344
556,125957.23842737114
1347,137412.89796307628
1290,69883.25232947544
1388,85208.22742696236
1571,374764.5585078815
2754,197432.79326908727
765,142923.30573688733
2494,131173.71775746593
2870,239528.74540303397
7,222288.8305696735
1114,249855.9703571647
2418,272441.46975540783
291,137507.9152299428
18,379153.86218183534
39,380524.26708177
1001,268378.5448503588
2442,218146.41191963688
616,111422.99259241422
2680,67345.15410853075
1414,127396.6372354998
289,147965.0719629034
40,257134.66529665043
860,121711.25016925413
409,112953.10189926486
673,156648.87358024067
2427,184317.49031110597
2036,219477.1656635672
2564,138283.91920936792
642,162666.55095576038
1008,184854.67770952982
1908,139305.28262944677
2519,188413.1541490545
1369,91560.74953389404
2855,165697.56710692184
712,97785.71187841917
1943,129592.10688550948
1958,117178.461096382
107,156236.70134279924
2295,219461.86884432402
704,100196.47155395352
676,147246.46603560913
259,182260.30449497036
93,295619.31321060663
106,237766.24244226265
2315,181412.87608494904
1050,108844.34371647377
1095,203218.41377408174
2709,143707.43012144748
758,139858.04593138886
1496,156824.05265754915
2370,122574.8333706974
2458,272026.31323154946
2733,142949.58934520537
161,230747.28045901295
726,155972.09014672413
845,203419.4400035532
947,249139.87870612665
2232,112071.98130807182
2563,142370.68559071905
2299,138301.50398119268
211,65444.37392817109
605,177581.97902602522
1478,209771.83492683372
2247,262668.5965163893
2274,239728.46949785875
2869,213281.78277808617
967,202351.0429274652
2656,143632.12923941482
667,191628.93718706758
1042,106730.10418545427
2023,149301.53229670742
2447,404965.92097980354
2055,130401.24311957869
2275,311003.89851720346
2204,172388.0831677366
1563,274833.39554753574
483,200026.08508507657
796,135398.80411722
1526,166969.0381457199
2042,134803.58088976445
442,360226.7287006293
1693,330789.73437048565
1468,214324.65550415346
1430,185937.64773108935
2605,133349.0019812493
1529,198365.1351527134
335,157756.9947528269
1287,124352.18205786747
31,103561.14399021635
1785,319236.92068475985
82,165921.11366865196
2620,136871.19421880564
252,187737.52012848
721,39127.860933000135
2165,189071.5670181155
2316,189651.18393292002
775,133362.31340435325
1558,134496.58428206175
17,204779.8322997212
1022,216189.56656067068
925,136126.73670009582
438,281317.75317966304
1270,128300.74071494953
1272,125707.93601099082
215,114998.44669404754
266,221967.70476580976
2402,280576.99472596805
1250,127063.1166692368
1984,127979.18431599125
1279,144987.16508097298
377,229973.5904820867
1252,103990.54886816727
2156,249645.21379175043
499,317443.9631009933
1374,135876.27348269094
2898,221328.31944060914
401,119178.02614736288
2721,136607.43408728178
2078,244404.83507348812
2589,134726.9737297533
1946,250769.9142070515
1334,119581.35737014926
2781,229119.7642130523
431,417591.54561207455
576,197318.75390333205
1474,203840.78637867418
2254,128193.63776266092
2155,293630.3394470363
885,100994.66535436024
643,133808.2261465629
1944,128573.88085864784
480,193840.72679136778
2845,98003.10842186745
2387,330455.0405358207
2407,195160.90507635212
2527,176566.48633212797
2514,142989.6749175146
629,144404.0560846534
80,200046.7246423494
1876,141581.2249725858
1546,117496.06037340526
2518,172790.01476644436
2347,157066.2865845627
783,250417.2720779425
1322,47268.87811667484
194,91898.97012524206
1770,299417.5124828471
2143,164574.03285091376
1229,211869.9006433337
511,265103.99515972135
46,212075.1206309597
1348,150181.59592002205
2465,196836.37897060264
387,232654.34477114375
873,212159.72787498575
1918,115448.28640192623
2764,230742.56709685197
2184,130428.67385651973
934,131076.13170043542
1920,130336.82393403095
2631,143250.64107029635
1768,573431.2911010502
2040,129698.72492609767
1749,207610.68442080182
834,235468.5172912493
1457,225042.915302353
79,110656.518112558
2302,131992.10602989636
1817,140449.83053045807
2755,246089.0700256233
359,179460.93574011626
2059,111100.8677776702
2092,230315.5787294193
2516,218380.7540381561
150,115070.54662397831
1656,138649.0058933192
83,96949.31233185164
2411,195620.6090857285
795,58725.470888337964
2312,214004.1207399529
2917,109742.05916966488
1624,173197.85337301157
2215,279421.1639193444
1211,144736.19616152218
1485,158976.31636567047
1024,168340.72970182143
570,190840.84111930284
2874,132433.5051103164
700,132276.01791373605
2756,207076.47516358463
2022,179605.3407249204
583,216898.19789393546
2392,404875.89097494027
2424,172707.41080191798
212,107867.08933739182
736,131858.49219967867
1610,166107.87911954534
890,119170.06818236291
467,184280.8226038005
578,197078.43056235605
1747,192150.37135198485
1149,159147.99672074342
2758,241132.68733443925
857,141280.8554839357
2219,239915.53380286065
733,104958.51764268978
2909,110391.59091805515
1798,260397.43277921202
235,160782.7710039389
2366,117896.39618171527
1027,138843.23465898773
1195,145399.12446437418
1303,65985.73268824822
148,191470.26424568595
608,173017.29443683932
2515,189669.8447219952
821,304658.5296464217
2500,272486.94859707105
745,111268.82914197094
741,133608.00615597347
1611,122696.3596179043
2532,134964.40050792854
1081,229744.9787180298
1692,432660.2758235572
2520,173884.05815630773
276,98646.26578038734
1992,122975.95278111915
663,71539.68593193372
418,104071.13652356819
1733,205127.3929470958
2359,142219.7430739912
253,186220.02047693697
1518,181745.03852246422
2035,143844.46462793025
2919,81149.01500532286
1540,240868.71653035493
2120,155891.13540707337
1674,166158.24344556668
256,147471.9947732825
2361,113856.29820195782
978,78190.4280155531
2280,165833.18574034594
2095,211849.86566030185
1709,318350.0990681336
2801,227260.44947944005
1246,109972.63316535797
2373,99455.59850926031
1055,294932.0642339151
2017,118598.97626890428
1099,273392.7872607103
1344,74564.86171443416
835,222534.87460922828
1117,225055.39989790312
2043,87225.53627182134
2085,128259.93861015231
410,141160.69082062208
2650,100369.78771648892
2867,170841.24469009475
1668,115095.25579554772
1161,158075.6708831346
2122,174354.88646087772
2539,157451.76260619567
1047,126243.20347959801
1445,126809.19624969366
541,134590.11044061466
569,221567.4214673762
1276,101931.17797145623
918,151514.3839212861
326,181681.15117217973
1936,129285.76485773062
895,100734.40229770982
257,163341.2182117699
1241,168502.64821276494
1545,120422.74610703142
1189,169631.98497995475
270,138061.97366881924
2066,205413.04614257996
693,110911.59050284325
1259,157523.49305474234
2916,165122.05360724116
2321,300989.0215652425
1977,92301.3146343575
1895,147887.01475886678
1240,160719.5429626231
85,147395.27719526412
1823,127568.56723383241
825,285560.40495504596
110,217956.222234484
697,118782.24193510783
2297,111596.8231570214
1231,134506.22000629938
1355,138351.23444466625
968,359252.19002774043
584,217909.80559751968
1315,129362.59253777078
1606,148252.03057912888
206,117241.77965016269
1685,380928.0341410695
2016,140717.13432872444
869,200195.6310927782
2135,120170.51996671583
2346,193314.75630625998
2430,219535.9065537913
2198,106206.18630497338
2652,119309.21862131989
27,119597.38121446205
241,173309.15441994893
906,131267.37913964677
1506,137589.41770519168
2098,371920.2678558721
1435,212144.31660159686
2213,137854.09284931634
1274,123040.37696451676
743,21425.878712096455
1737,199645.274553675
2797,267381.79176121386
2185,32380.61182730671
58,167447.64648863094
830,192433.2081716631
808,103092.69974155349
680,149116.96537309393
1153,96556.8310875321
1291,138352.09211072483
1818,145102.0521124017
2161,187807.37656365032
1883,117723.91886388462
350,313097.5907695771
2473,148773.62116626356
295,194673.18933523347
293,178889.57186493152
859,132084.09317660704
288,66520.48801690401
1578,148882.97510513943
102,181590.96594636893
2831,127135.39230801817
1030,160468.48118669304
2551,148781.97795484657
1286,162081.8356398703
958,349815.22112945234
776,123420.34774929353
72,242390.19505760676
2263,263376.2914458665
1866,144994.30682258066
2876,71533.63409435358
2146,241805.11699110645
103,165413.38570980256
1500,142726.10762678136
492,194740.86555672012
167,150980.4077160215
2597,115887.79033803387
2685,111555.38824164144
1035,156083.1550709923
1220,69035.0203590923
2602,138256.30148341064
2159,201043.9163847441
695,136007.03217552076
1109,267210.5871503558
640,193474.61289428803
1652,150620.69663888882
2090,176162.8870417528
1188,201334.8124298342
2345,227803.2793487973
1059,413835.62477844994
2751,240802.34966073692
128,202866.29223078105
1523,167012.00187328464
2925,184205.01672406864
2145,280457.0578583114
1121,226168.62665358398
566,248238.95746762754
565,246895.0132294569
1331,140646.50901193862
2928,129833.1029831811
156,148102.3512302496
797,150399.92029389227
327,100209.39916676082
2859,156689.19381367957
1453,116743.84988799997
1762,345310.6816882641
1868,197433.6924778291
1760,183798.14589521626
1113,247251.63517477582
1812,191130.1649878892
117,136109.88856807334
1142,200866.65160083593
2342,429939.1899705259
927,163480.53989732158
2478,184914.10708379233
655,96292.26597743649
2064,126205.61437937588
369,263377.7068508469
2239,123173.67637521806
2732,213176.6704784514
1653,156171.2575920369
959,220831.1857142323
2395,351047.1284499746
1412,109100.46106471692
271,243103.8143236953
1484,144101.42526547104
1497,166321.69571565808
552,150677.96724285936
2,129156.03235642094
1855,273787.54021685955
4,280303.2905333918
2292,162719.18673221098
134,143160.8358120693
646,111109.80221620468
42,345373.6463726732
532,215316.4585563576
713,98133.28135638905
2561,132269.88601528964
2360,145391.3366982976
1333,121364.55809222568
1407,248649.11441736855
2892,293513.5688663723
574,211461.40688527192
1227,176672.52971354115
2591,195822.0087913076
1476,204937.42094365248
1125,262800.3665679548
1446,146868.618688836
408,122343.11740106405
1101,304122.4170868738
2251,212154.48833241517
373,177771.58516439816
2554,135355.39404269832
2382,260208.02974789147
1985,84393.67158101306
519,228840.7492788137
1093,195912.81640021
864,241574.74294062058
2889,144714.22772962175
2308,210096.64964611453
986,163768.6166443403
1302,156475.87927287683
585,155468.91395583225
2708,142444.77383461327
147,133504.73783323265
1441,216632.6587403837
383,197089.06196698724
285,154542.40171299616
181,109581.49486835762
358,187411.23331002193
780,175176.31033515837
258,189910.35234251793
1865,213023.02416593354
692,109512.18018538505
2902,334189.123379277
508,254432.35720367642
2638,148126.74414997757
36,141257.99579591746
611,178687.0887645778
2281,167625.96439422338
1678,134362.8289888734
1696,447019.34710397
1557,77633.98365441778
2180,170515.75401220674
1726,218967.54818149586
951,140555.14661051685
267,220324.1619823702
2706,151827.54145547465
2221,249801.04218913184
1357,166470.83415349174
2901,311692.5657795492
347,170447.2327432944
2164,185400.78742542453
1586,315010.023151063
360,151401.0107244156
1769,248494.05623753456
2617,141146.5394628465
1879,156845.07397521514
991,227733.71984329144
1535,124833.55773590587
1191,148393.99526879302
1579,216558.8067799197
1882,135255.6438714491
1510,151608.83227636194
2196,159223.85856828035
1845,173798.35321688376
2336,427597.71457823727
942,87067.01549709917
861,133552.35124141222
2555,126117.30800798748
1392,168193.29513248487
2099,261486.1899922488
1543,112728.43226106679
948,269784.8057770446
1239,182805.27120079362
22,190856.55039183734
2796,235726.3324089273
2747,178505.82617017807
92,303266.0583386679
210,183345.26971842485
1858,198577.294026703
2228,162149.2721858666
447,218577.82900665063
827,233986.5018204907
1649,207012.32973559244
682,126007.6842314842
2698,104135.9310110748
494,155555.4660844729
214,86439.62270785075
2441,267020.4152768042
2679,110199.51232187457
1336,121496.17206335577
465,180715.33960116614
1524,149886.45052572785
2543,113150.05472338127
631,144924.16290553447
2452,324875.626671988
228,154166.48022932382
126,173373.53546227491
1092,208226.0275562678
1122,218333.1680146001
932,233779.69730623194
1980,83976.75615584759
2171,124707.95363952313
551,159472.18302463644
2768,166027.45759677232
2056,111861.06596852493
1159,367213.29302757385
2645,127331.94983536893
1174,168646.14875949337
2266,201002.29776332143
2462,419183.65840986173
1219,150195.0524291368
2922,185096.47740908066
118,149895.74591715843
474,164701.17340570828
2576,154912.5670956795
872,283828.37067370943
1077,208205.71424177458
1536,158719.5378399932
1150,120086.02589310173
2341,326912.53957881534
1931,170265.8321249204
2785,146472.88732501297
2538,127209.59658263886
597,207531.55872409875
464,171568.63680807507
233,233328.7697131115
2169,146386.7348161226
2123,171736.64078401358
1867,179984.46807553899
137,254593.11508721407
515,230617.70603614912
933,101434.05009625341
2784,166249.4828292608
972,173212.33758047887
599,176040.8431988786
2614,117128.58546666818
2582,155033.14830072212
1409,177789.00871944282
175,126365.71630132271
352,230201.59763968363
976,99665.06109346868
2134,191000.38302223952
984,111611.34930781087
2396,364104.19776360504
1673,130272.2239325966
404,111416.19398509992
607,178970.1649035742
814,153371.49070763713
868,181360.9194772976
2271,203594.7899583827
1633,217367.48623220826
337,156236.20927102785
2765,193137.93278032847
1746,234888.0749212107
368,341461.05458022177
2806,197289.27435000407
1662,183322.56499740444
1234,217053.9769266444
1373,126963.93569727967
1672,116716.99603847691
1939,132086.63720576087
